state_code,state_name,name
1,Abia,Abia North
